CO,1987,52,170.10
CO,1988,11,178.50
CO,1988,18,175.95
CO,1988,2,171.12
CO,1988,25,176.12
CO,1988,32,181.70
CO,1988,39,174.46
CO,1988,46,173.75
CO,1988,9,175.00
CO,1989,0,176.36
CO,1989,12,187.50
CO,1989,19,180.00
CO,1989,26,185.36
CO,1989,33,182.85
CO,1989,40,177.93
CO,1989,47,179.69
CO,1989,7,182.52
CO,1990,13,177.00
CO,1990,20,169.55
CO,1990,27,172.92
CO,1990,34,173.88
CO,1990,41,171.77
CO,1990,48,168.68
CO,1990,5,175.76
CO,1991,14,180.00
CO,1991,21,180.60
CO,1991,28,178.62
CO,1991,3,171.72
CO,1991,35,178.78
CO,1991,42,176.56
CO,1991,49,178.49
CO,1992,1,183.26
CO,1992,15,186.96
CO,1992,22,185.90
CO,1992,29,185.18
CO,1992,36,186.45
CO,1992,43,184.04
CO,1992,50,188.94
CO,1992,8,187.20
CO,1993,16,188.58
CO,1993,23,190.32
CO,1993,30,193.98
CO,1993,37,184.92
CO,1993,44,172.90
CO,1993,51,165.60
CO,1993,6,194.67
CO,1994,10,151.74
CO,1994,17,153.87
CO,1994,24,151.97
CO,1994,31,150.66
CO,1994,38,145.96
CO,1994,4,163.80
CO,1994,45,154.09
CO,1994,52,159.12
CO,1995,11,184.37
CO,1995,18,180.40
CO,1995,2,175.00
CO,1995,25,188.48
CO,1995,32,187.50
CO,1995,39,183.27
CO,1995,46,189.82
CO,1995,9,182.92
CO,1996,0,198.86
CO,1996,12,195.51
CO,1996,19,197.50
CO,1996,26,203.20
CO,1996,33,201.81
CO,1996,40,198.80
CO,1996,47,204.75
CO,1996,7,195.00
CO,1997,13,213.72
CO,1997,20,210.96
CO,1997,27,212.00
CO,1997,34,216.54
CO,1997,41,212.52
CO,1997,48,209.30
CO,1997,5,209.52
CO,1998,14,221.52
CO,1998,21,225.76
CO,1998,28,223.44
CO,1998,3,215.90
CO,1998,35,227.94
CO,1998,42,226.10
CO,1998,49,227.05
CO,1999,1,241.24
CO,1999,15,244.40
CO,1999,22,242.85
CO,1999,29,248.16
CO,1999,36,243.35
CO,1999,43,243.60
CO,1999,50,252.08
CO,1999,8,243.44
CO,2000,16,261.62
CO,2000,23,268.06
CO,2000,30,271.25
CO,2000,37,268.71
CO,2000,44,265.35
CO,2000,51,273.42
CO,2000,6,261.12
CO,2001,10,286.75
CO,2001,17,291.92
CO,2001,24,287.07
CO,2001,31,290.00
CO,2001,38,281.40
CO,2001,4,282.90
CO,2001,45,283.20
CO,2001,52,290.16
CO,2002,11,228.15
CO,2002,18,232.00
CO,2002,2,224.72
CO,2002,25,229.09
CO,2002,32,228.96
CO,2002,39,229.48
CO,2002,46,226.68
CO,2002,9,226.06
CO,2003,0,247.28
CO,2003,12,249.39
CO,2003,19,246.80
CO,2003,26,254.19
CO,2003,33,251.10
CO,2003,40,245.39
CO,2003,47,248.56
CO,2003,7,251.22
CO,2004,13,268.55
CO,2004,20,266.00
CO,2004,27,275.00
CO,2004,34,277.10
CO,2004,41,265.95
CO,2004,48,265.65
CO,2004,5,263.52
CO,2005,14,283.43
CO,2005,21,286.51
CO,2005,28,294.00
CO,2005,3,287.46
CO,2005,35,293.88
CO,2005,42,288.75
CO,2005,49,288.56
CO,2006,1,304.92
CO,2006,15,308.00
CO,2006,22,313.25
CO,2006,29,320.32
CO,2006,36,309.70
CO,2006,43,309.98
CO,2006,50,317.95
CO,2006,8,309.67
CO,2007,16,331.74
CO,2007,23,333.00
CO,2007,30,338.40
CO,2007,37,331.15
CO,2007,44,326.70
CO,2007,51,340.68
CO,2007,6,332.87
CO,2008,10,348.80
CO,2008,17,343.42
CO,2008,31,354.27
CO,2008,38,340.68
CO,2008,4,340.20
CO,2008,45,347.23
CO,2008,52,356.85
CO,2009,11,291.80
CO,2009,18,293.76
CO,2009,2,285.36
CO,2009,25,300.30
CO,2009,32,302.60
CO,2009,39,287.57
CO,2009,46,296.00
CO,2009,9,291.77
CO,2010,0,321.19
CO,2010,12,313.92
CO,2010,19,311.40
CO,2010,26,317.72
CO,2010,33,317.88
CO,2010,40,304.72
CO,2010,47,305.90
CO,2010,7,312.00
CO,2011,13,327.48
CO,2011,20,328.60
CO,2011,27,335.32
CO,2011,34,330.92
CO,2011,41,324.21
CO,2011,48,332.50
CO,2011,5,327.34
