CO,1987,48,172.48
CO,1988,14,176.96
CO,1988,21,179.52
CO,1988,28,181.44
CO,1988,35,183.58
CO,1988,42,176.40
CO,1988,49,174.32
CO,1988,5,165.03
CO,1989,15,185.42
CO,1989,22,181.00
CO,1989,29,181.44
CO,1989,3,180.79
CO,1989,36,182.70
CO,1989,43,179.46
CO,1989,50,176.00
CO,1990,1,178.20
CO,1990,16,176.70
CO,1990,23,171.68
CO,1990,30,174.72
CO,1990,37,175.20
CO,1990,44,168.64
CO,1990,51,174.25
CO,1990,8,178.20
CO,1991,10,180.69
CO,1991,17,180.56
CO,1991,24,180.10
CO,1991,31,177.32
CO,1991,38,176.40
CO,1991,45,176.82
CO,1991,52,180.60
CO,1991,6,181.50
CO,1992,11,186.66
CO,1992,18,183.69
CO,1992,25,187.46
CO,1992,32,184.44
CO,1992,39,184.68
CO,1992,4,186.50
CO,1992,46,185.44
CO,1993,12,197.20
CO,1993,19,191.76
CO,1993,2,195.58
CO,1993,26,198.75
CO,1993,33,195.55
CO,1993,40,173.62
CO,1993,47,173.89
CO,1993,9,195.75
CO,1994,0,167.25
CO,1994,13,151.94
CO,1994,20,151.54
CO,1994,27,148.63
CO,1994,34,150.59
CO,1994,41,148.12
CO,1994,48,152.04
CO,1994,7,166.55
CO,1995,14,183.15
CO,1995,21,182.30
CO,1995,28,187.33
CO,1995,35,187.58
CO,1995,42,183.30
CO,1995,49,194.44
CO,1995,5,175.75
CO,1996,15,194.36
CO,1996,22,197.68
CO,1996,29,201.72
CO,1996,3,195.00
CO,1996,36,199.20
CO,1996,43,204.00
CO,1996,50,206.08
CO,1997,1,205.02
CO,1997,16,214.20
CO,1997,23,212.76
CO,1997,30,213.28
CO,1997,37,210.37
CO,1997,44,212.55
CO,1997,51,218.50
CO,1997,8,213.17
CO,1998,10,216.32
CO,1998,17,221.88
CO,1998,24,226.06
CO,1998,31,224.40
CO,1998,38,224.10
CO,1998,45,227.08
CO,1998,52,232.18
CO,1998,6,218.89
CO,1999,11,244.53
CO,1999,18,241.92
CO,1999,25,246.56
CO,1999,32,245.70
CO,1999,39,242.40
CO,1999,4,243.60
CO,1999,46,246.25
CO,2000,12,259.93
CO,2000,19,267.60
CO,2000,2,259.17
CO,2000,26,273.70
CO,2000,33,268.50
CO,2000,40,265.50
CO,2000,47,266.76
CO,2000,9,263.13
CO,2001,0,280.80
CO,2001,13,288.94
CO,2001,20,291.57
CO,2001,27,288.86
CO,2001,34,288.00
CO,2001,41,278.75
CO,2001,48,281.88
CO,2001,7,289.32
CO,2002,14,229.32
CO,2002,21,232.45
CO,2002,28,228.95
CO,2002,35,233.10
CO,2002,42,226.86
CO,2002,49,232.00
CO,2002,5,225.00
CO,2003,15,247.52
CO,2003,22,250.40
CO,2003,29,252.00
CO,2003,3,246.33
CO,2003,36,244.88
CO,2003,43,245.56
CO,2003,50,254.88
CO,2004,1,265.20
CO,2004,16,265.05
CO,2004,23,271.95
CO,2004,30,272.70
CO,2004,37,263.90
CO,2004,44,267.18
CO,2004,51,272.48
CO,2004,8,270.04
CO,2005,10,286.65
CO,2005,17,283.96
CO,2005,24,292.53
CO,2005,31,293.76
CO,2005,38,288.32
CO,2005,45,288.06
CO,2005,52,303.60
CO,2005,6,285.20
CO,2006,11,306.15
CO,2006,18,307.84
CO,2006,25,316.20
CO,2006,32,320.92
CO,2006,39,307.98
CO,2006,4,304.50
CO,2006,46,311.08
CO,2007,12,331.17
CO,2007,19,330.96
CO,2007,2,328.70
CO,2007,26,340.40
CO,2007,33,334.85
CO,2007,40,330.37
CO,2007,47,331.90
CO,2007,9,334.80
CO,2008,0,355.25
CO,2008,13,343.68
CO,2008,20,344.86
CO,2008,27,355.59
CO,2008,34,350.15
CO,2008,41,342.00
CO,2008,48,342.40
CO,2008,7,344.25
CO,2009,14,290.08
CO,2009,21,296.94
CO,2009,28,301.40
CO,2009,35,289.48
CO,2009,42,288.10
CO,2009,5,288.26
CO,2010,15,312.80
CO,2010,22,311.37
CO,2010,29,318.60
CO,2010,3,309.60
CO,2010,36,303.48
CO,2010,43,308.45
CO,2010,50,321.48
CO,2011,1,326.04
CO,2011,16,328.51
CO,2011,23,331.58
CO,2011,30,338.94
CO,2011,37,327.60
CO,2011,44,325.95
CO,2011,51,351.12
CO,2011,8,325.79
