CO,1987,47,170.30
CO,1988,13,176.80
CO,1988,20,176.53
CO,1988,27,179.76
CO,1988,34,179.33
CO,1988,4,166.42
CO,1988,41,173.10
CO,1988,48,176.46
CO,1989,14,184.15
CO,1989,2,182.40
CO,1989,21,181.32
CO,1989,28,182.00
CO,1989,35,185.70
CO,1989,42,177.10
CO,1989,49,178.01
CO,1989,9,184.24
CO,1990,0,175.00
CO,1990,15,178.20
CO,1990,22,168.30
CO,1990,29,173.25
CO,1990,36,175.70
CO,1990,43,169.51
CO,1990,50,171.10
CO,1990,7,178.10
CO,1991,16,182.25
CO,1991,23,181.58
CO,1991,30,181.24
CO,1991,37,176.40
CO,1991,44,176.80
CO,1991,5,175.63
CO,1991,51,184.45
CO,1992,10,186.30
CO,1992,17,182.90
CO,1992,24,183.60
CO,1992,3,183.00
CO,1992,31,187.00
CO,1992,38,184.26
CO,1992,45,186.00
CO,1992,52,191.76
CO,1993,1,195.33
CO,1993,11,195.19
CO,1993,18,190.08
CO,1993,25,195.00
CO,1993,32,194.28
CO,1993,39,176.58
CO,1993,46,175.00
CO,1993,8,194.70
CO,1994,12,153.08
CO,1994,19,151.69
CO,1994,26,150.45
CO,1994,33,149.00
CO,1994,40,145.60
CO,1994,47,152.26
CO,1994,6,165.64
CO,1995,13,183.83
CO,1995,20,179.87
CO,1995,27,188.33
CO,1995,34,189.75
CO,1995,4,175.50
CO,1995,41,181.71
CO,1995,48,188.00
CO,1996,14,195.39
CO,1996,2,197.01
CO,1996,21,198.90
CO,1996,28,199.95
CO,1996,35,204.42
CO,1996,42,200.86
CO,1996,49,204.82
CO,1996,9,194.68
CO,1997,0,208.83
CO,1997,15,212.52
CO,1997,22,208.84
CO,1997,29,212.94
CO,1997,36,207.00
CO,1997,43,211.68
CO,1997,50,215.33
CO,1997,7,208.41
CO,1998,16,221.00
CO,1998,23,223.79
CO,1998,30,227.65
CO,1998,37,224.56
CO,1998,44,227.85
CO,1998,5,217.00
CO,1998,51,234.30
CO,1999,10,243.06
CO,1999,17,242.88
CO,1999,24,243.20
CO,1999,3,238.42
CO,1999,31,245.70
CO,1999,38,240.21
CO,1999,45,246.56
CO,1999,52,258.72
CO,2000,1,258.93
CO,2000,11,262.55
CO,2000,18,267.54
CO,2000,25,270.30
CO,2000,32,273.48
CO,2000,39,265.33
CO,2000,46,269.50
CO,2000,8,259.34
CO,2001,12,289.50
CO,2001,19,288.66
CO,2001,26,298.98
CO,2001,33,285.56
CO,2001,40,277.83
CO,2001,47,284.85
CO,2001,6,286.32
CO,2002,13,228.80
CO,2002,20,232.00
CO,2002,27,230.46
CO,2002,34,229.87
CO,2002,4,222.64
CO,2002,41,227.85
CO,2002,48,229.38
CO,2003,14,248.88
CO,2003,2,243.84
CO,2003,21,245.23
CO,2003,28,254.69
CO,2003,35,246.98
CO,2003,42,249.39
CO,2003,49,247.42
CO,2003,9,251.92
CO,2004,0,271.56
CO,2004,15,267.74
CO,2004,22,267.31
CO,2004,29,273.76
CO,2004,36,265.08
CO,2004,43,265.68
CO,2004,50,269.66
CO,2004,7,270.00
CO,2005,16,285.20
CO,2005,23,292.60
CO,2005,30,291.04
CO,2005,37,287.30
CO,2005,44,285.20
CO,2005,5,282.68
CO,2005,51,298.87
CO,2006,10,306.32
CO,2006,17,308.70
CO,2006,24,318.24
CO,2006,3,303.60
CO,2006,31,322.00
CO,2006,38,309.40
CO,2006,45,310.42
CO,2006,52,323.34
CO,2007,1,327.00
CO,2007,11,331.08
CO,2007,18,331.97
CO,2007,25,335.52
CO,2007,32,337.88
CO,2007,39,330.20
CO,2007,46,329.30
CO,2007,8,332.91
CO,2008,12,344.40
CO,2008,19,343.80
CO,2008,26,355.05
CO,2008,33,350.88
CO,2008,40,340.74
CO,2008,47,350.40
CO,2008,6,344.27
CO,2009,13,293.90
CO,2009,20,299.20
CO,2009,27,300.30
CO,2009,34,299.17
CO,2009,4,284.98
CO,2009,41,286.58
CO,2010,14,311.45
CO,2010,2,311.32
CO,2010,21,312.08
CO,2010,28,321.30
CO,2010,35,306.90
CO,2010,42,307.76
CO,2010,49,306.30
CO,2010,9,311.38
CO,2011,0,331.96
CO,2011,15,329.60
CO,2011,22,325.24
CO,2011,29,337.41
CO,2011,36,324.24
CO,2011,43,325.65
CO,2011,50,349.65
CO,2011,7,326.70
