CO,1987,50,172.48
CO,1988,0,175.44
CO,1988,16,178.16
CO,1988,23,180.56
CO,1988,30,180.52
CO,1988,37,176.32
CO,1988,44,172.86
CO,1988,51,179.09
CO,1988,7,166.41
CO,1989,10,184.83
CO,1989,17,182.00
CO,1989,24,180.12
CO,1989,31,180.70
CO,1989,38,183.04
CO,1989,45,178.00
CO,1989,5,180.06
CO,1989,52,183.36
CO,1990,11,178.20
CO,1990,18,168.98
CO,1990,25,172.38
CO,1990,3,177.66
CO,1990,32,174.41
CO,1990,39,172.50
CO,1990,46,169.49
CO,1991,1,172.60
CO,1991,12,184.55
CO,1991,19,182.02
CO,1991,26,181.44
CO,1991,33,178.02
CO,1991,40,175.23
CO,1991,47,179.25
CO,1991,8,180.83
CO,1992,13,188.80
CO,1992,20,182.98
CO,1992,27,188.04
CO,1992,34,184.98
CO,1992,41,186.88
CO,1992,48,187.46
CO,1992,6,187.95
CO,1993,14,195.82
CO,1993,21,193.20
CO,1993,28,196.04
CO,1993,35,195.75
CO,1993,4,195.57
CO,1993,42,174.98
CO,1993,49,174.25
CO,1994,15,152.25
CO,1994,2,166.50
CO,1994,22,153.30
CO,1994,29,150.45
CO,1994,36,143.22
CO,1994,43,151.80
CO,1994,50,155.44
CO,1994,9,160.95
CO,1995,0,163.20
CO,1995,16,184.19
CO,1995,23,180.00
CO,1995,30,187.95
CO,1995,37,184.80
CO,1995,44,190.80
CO,1995,51,199.80
CO,1995,7,177.65
CO,1996,10,195.67
CO,1996,17,196.68
CO,1996,24,199.92
CO,1996,31,201.00
CO,1996,38,197.82
CO,1996,45,202.95
CO,1996,5,193.60
CO,1996,52,211.25
CO,1997,11,214.51
CO,1997,18,211.78
CO,1997,25,208.00
CO,1997,3,205.91
CO,1997,32,212.80
CO,1997,39,210.60
CO,1997,46,212.80
CO,1998,1,216.58
CO,1998,12,221.42
CO,1998,19,224.77
CO,1998,26,228.75
CO,1998,33,224.92
CO,1998,40,224.64
CO,1998,47,228.96
CO,1998,8,217.80
CO,1999,13,245.70
CO,1999,20,242.88
CO,1999,27,245.77
CO,1999,34,244.42
CO,1999,41,242.28
CO,1999,48,246.00
CO,1999,6,244.50
CO,2000,14,267.18
CO,2000,21,271.61
CO,2000,28,270.00
CO,2000,35,272.34
CO,2000,4,261.36
CO,2000,42,265.02
CO,2000,49,270.00
CO,2001,15,288.47
CO,2001,2,280.85
CO,2001,22,289.29
CO,2001,29,290.04
CO,2001,36,283.24
CO,2001,43,283.62
CO,2001,50,282.20
CO,2001,9,289.30
CO,2002,0,225.14
CO,2002,16,230.82
CO,2002,23,231.84
CO,2002,30,229.83
CO,2002,37,224.91
CO,2002,44,226.52
CO,2002,51,236.52
CO,2002,7,229.90
CO,2003,10,250.24
CO,2003,17,245.00
CO,2003,24,251.52
CO,2003,31,254.91
CO,2003,38,246.45
CO,2003,45,246.88
CO,2003,5,245.05
CO,2003,52,252.80
CO,2004,11,266.66
CO,2004,18,263.96
CO,2004,25,272.58
CO,2004,3,265.34
CO,2004,32,275.16
CO,2004,39,266.00
CO,2004,46,264.71
CO,2005,1,284.27
CO,2005,12,286.04
CO,2005,19,286.90
CO,2005,26,293.88
CO,2005,33,297.56
CO,2005,40,287.23
CO,2005,47,292.50
CO,2005,8,288.91
CO,2006,13,308.45
CO,2006,20,306.72
CO,2006,27,318.20
CO,2006,34,317.52
CO,2006,41,306.01
CO,2006,48,310.80
CO,2006,6,307.26
CO,2007,14,329.14
CO,2007,21,336.35
CO,2007,28,338.36
CO,2007,35,336.96
CO,2007,4,330.03
CO,2007,42,331.15
CO,2007,49,326.96
CO,2008,15,341.89
CO,2008,2,344.22
CO,2008,29,350.74
CO,2008,36,344.07
CO,2008,43,340.18
CO,2008,50,350.90
CO,2008,9,346.45
CO,2009,0,297.26
CO,2009,16,292.04
CO,2009,23,302.31
CO,2009,30,299.36
CO,2009,37,290.40
CO,2009,44,300.24
CO,2009,7,291.00
CO,2010,10,311.36
CO,2010,17,310.34
CO,2010,24,321.04
CO,2010,31,318.41
CO,2010,38,302.56
CO,2010,5,313.41
CO,2010,52,319.80
CO,2011,11,327.70
CO,2011,18,323.95
CO,2011,25,329.55
CO,2011,3,328.32
CO,2011,32,337.34
CO,2011,39,327.86
CO,2011,46,329.22
