CO,1988,12,176.92
CO,1988,19,178.95
CO,1988,26,183.57
CO,1988,3,172.48
CO,1988,33,179.25
CO,1988,40,175.81
CO,1988,47,177.40
CO,1989,1,180.32
CO,1989,13,183.06
CO,1989,20,179.67
CO,1989,27,182.00
CO,1989,34,181.44
CO,1989,41,178.35
CO,1989,48,178.78
CO,1989,8,182.40
CO,1990,14,177.84
CO,1990,21,172.48
CO,1990,28,173.31
CO,1990,35,175.74
CO,1990,42,172.17
CO,1990,49,168.95
CO,1990,6,176.74
CO,1991,15,179.26
CO,1991,22,180.81
CO,1991,29,177.84
CO,1991,36,175.89
CO,1991,4,175.50
CO,1991,43,177.45
CO,1991,50,181.44
CO,1992,16,188.10
CO,1992,2,183.23
CO,1992,23,186.44
CO,1992,30,187.86
CO,1992,37,184.86
CO,1992,44,185.60
CO,1992,51,198.78
CO,1992,9,189.00
CO,1993,0,198.00
CO,1993,10,195.33
CO,1993,17,192.70
CO,1993,24,191.76
CO,1993,31,196.42
CO,1993,38,185.50
CO,1993,45,173.83
CO,1993,52,168.00
CO,1993,7,193.20
CO,1994,11,152.00
CO,1994,18,151.13
CO,1994,25,148.85
CO,1994,32,150.30
CO,1994,39,145.47
CO,1994,46,152.78
CO,1994,5,165.64
CO,1995,12,183.26
CO,1995,19,179.40
CO,1995,26,188.37
CO,1995,3,173.85
CO,1995,33,186.00
CO,1995,40,184.47
CO,1995,47,188.30
CO,1996,1,195.16
CO,1996,13,197.38
CO,1996,20,197.81
CO,1996,27,199.64
CO,1996,34,201.48
CO,1996,41,199.65
CO,1996,48,204.36
CO,1996,8,196.02
CO,1997,14,215.78
CO,1997,21,210.82
CO,1997,28,211.58
CO,1997,35,208.71
CO,1997,42,210.71
CO,1997,49,211.70
CO,1997,6,207.00
CO,1998,15,220.48
CO,1998,22,225.75
CO,1998,29,224.00
CO,1998,36,223.68
CO,1998,4,217.17
CO,1998,43,224.90
CO,1998,50,228.70
CO,1999,16,243.50
CO,1999,2,241.58
CO,1999,23,245.14
CO,1999,30,245.66
CO,1999,37,239.80
CO,1999,44,244.76
CO,1999,51,254.79
CO,1999,9,243.84
CO,2000,0,260.82
CO,2000,10,262.43
CO,2000,17,265.14
CO,2000,24,269.64
CO,2000,31,270.00
CO,2000,38,267.90
CO,2000,45,266.32
CO,2000,52,283.02
CO,2000,7,259.20
CO,2001,11,290.00
CO,2001,18,289.06
CO,2001,25,292.05
CO,2001,32,287.82
CO,2001,39,283.65
CO,2001,46,284.58
CO,2001,5,281.86
CO,2002,12,228.16
CO,2002,19,231.24
CO,2002,26,231.18
CO,2002,3,223.38
CO,2002,33,229.32
CO,2002,40,228.41
CO,2002,47,227.70
CO,2003,1,246.00
CO,2003,13,248.88
CO,2003,20,248.83
CO,2003,27,251.34
CO,2003,34,258.05
CO,2003,41,248.40
CO,2003,48,251.26
CO,2003,8,252.45
CO,2004,14,263.76
CO,2004,21,269.34
CO,2004,28,272.90
CO,2004,35,274.04
CO,2004,42,267.93
CO,2004,49,267.24
CO,2004,6,268.66
CO,2005,15,286.56
CO,2005,22,286.75
CO,2005,29,293.76
CO,2005,36,287.27
CO,2005,4,286.40
CO,2005,43,288.16
CO,2005,50,299.20
CO,2006,16,306.15
CO,2006,2,306.21
CO,2006,23,318.26
CO,2006,30,319.62
CO,2006,37,309.34
CO,2006,44,312.62
CO,2006,51,324.80
CO,2006,9,306.24
CO,2007,0,331.28
CO,2007,10,334.18
CO,2007,17,328.44
CO,2007,24,336.02
CO,2007,31,339.90
CO,2007,38,332.57
CO,2007,45,329.00
CO,2007,52,334.80
CO,2007,7,332.88
CO,2008,11,343.52
CO,2008,18,342.33
CO,2008,32,349.16
CO,2008,39,341.44
CO,2008,46,346.11
CO,2008,5,343.38
CO,2009,12,291.92
CO,2009,19,292.04
CO,2009,26,298.68
CO,2009,3,286.65
CO,2009,33,302.42
CO,2009,40,287.55
CO,2009,47,293.97
CO,2010,1,313.50
CO,2010,13,310.96
CO,2010,20,311.06
CO,2010,27,319.74
CO,2010,34,310.50
CO,2010,41,309.27
CO,2010,48,304.41
CO,2010,8,311.50
CO,2011,14,328.86
CO,2011,21,329.00
CO,2011,28,336.54
CO,2011,35,321.64
CO,2011,42,324.46
CO,2011,49,336.31
CO,2011,6,328.47
