CO,1987,51,176.00
CO,1988,1,172.86
CO,1988,10,175.50
CO,1988,17,175.74
CO,1988,24,178.75
CO,1988,31,182.04
CO,1988,38,174.52
CO,1988,45,173.60
CO,1988,52,179.00
CO,1988,8,168.75
CO,1989,11,183.60
CO,1989,18,178.88
CO,1989,25,179.55
CO,1989,32,180.79
CO,1989,39,179.76
CO,1989,46,179.34
CO,1989,6,182.58
CO,1990,12,176.53
CO,1990,19,170.97
CO,1990,26,180.48
CO,1990,33,174.40
CO,1990,4,177.00
CO,1990,40,172.00
CO,1990,47,170.86
CO,1991,13,188.00
CO,1991,2,172.00
CO,1991,20,180.60
CO,1991,27,178.20
CO,1991,34,181.35
CO,1991,41,177.10
CO,1991,48,175.96
CO,1991,9,181.84
CO,1992,0,181.89
CO,1992,14,188.62
CO,1992,21,183.04
CO,1992,28,187.11
CO,1992,35,188.80
CO,1992,42,181.56
CO,1992,49,184.68
CO,1992,7,186.90
CO,1993,15,186.98
CO,1993,22,190.31
CO,1993,29,193.64
CO,1993,36,184.95
CO,1993,43,176.93
CO,1993,5,195.03
CO,1993,50,167.20
CO,1994,16,153.26
CO,1994,23,152.25
CO,1994,3,165.76
CO,1994,30,149.60
CO,1994,37,145.23
CO,1994,44,153.30
CO,1994,51,155.25
CO,1995,1,170.12
CO,1995,10,183.09
CO,1995,17,180.29
CO,1995,24,183.34
CO,1995,31,188.64
CO,1995,38,183.69
CO,1995,45,189.10
CO,1995,52,208.42
CO,1995,8,181.78
CO,1996,11,195.94
CO,1996,18,196.56
CO,1996,25,197.64
CO,1996,32,201.60
CO,1996,39,200.21
CO,1996,46,205.40
CO,1996,6,193.50
CO,1997,12,212.02
CO,1997,19,211.06
CO,1997,26,211.86
CO,1997,33,214.11
CO,1997,4,208.00
CO,1997,40,210.60
CO,1997,47,214.62
CO,1998,13,220.50
CO,1998,2,216.59
CO,1998,20,226.25
CO,1998,27,223.03
CO,1998,34,224.40
CO,1998,41,223.55
CO,1998,48,226.06
CO,1998,9,219.96
CO,1999,0,247.62
CO,1999,14,241.53
CO,1999,21,245.67
CO,1999,28,245.68
CO,1999,35,246.84
CO,1999,42,242.00
CO,1999,49,243.00
CO,1999,7,242.55
CO,2000,15,265.52
CO,2000,22,267.27
CO,2000,29,270.90
CO,2000,36,267.26
CO,2000,43,267.54
CO,2000,5,260.82
CO,2000,50,269.37
CO,2001,16,290.45
CO,2001,23,289.92
CO,2001,3,281.30
CO,2001,30,288.60
CO,2001,37,279.66
CO,2001,44,281.32
CO,2001,51,286.20
CO,2002,1,222.30
CO,2002,10,228.52
CO,2002,17,231.15
CO,2002,24,227.52
CO,2002,31,228.69
CO,2002,38,227.36
CO,2002,45,226.37
CO,2002,52,233.45
CO,2002,8,228.96
CO,2003,11,249.96
CO,2003,18,247.59
CO,2003,25,255.00
CO,2003,32,253.80
CO,2003,39,247.90
CO,2003,46,244.72
CO,2003,6,248.08
CO,2004,12,268.80
CO,2004,19,264.41
CO,2004,26,272.34
CO,2004,33,271.47
CO,2004,4,268.82
CO,2004,40,266.60
CO,2004,47,267.00
CO,2005,13,284.98
CO,2005,2,286.75
CO,2005,20,285.25
CO,2005,27,292.80
CO,2005,34,297.22
CO,2005,41,286.20
CO,2005,48,288.90
CO,2005,9,288.36
CO,2006,0,307.80
CO,2006,14,307.64
CO,2006,21,305.86
CO,2006,28,318.78
CO,2006,35,318.97
CO,2006,42,304.14
CO,2006,49,314.62
CO,2006,7,311.04
CO,2007,15,330.75
CO,2007,22,335.49
CO,2007,29,337.62
CO,2007,36,333.86
CO,2007,43,329.18
CO,2007,5,325.50
CO,2007,50,338.84
CO,2008,16,338.57
CO,2008,3,343.53
CO,2008,30,349.32
CO,2008,37,347.37
CO,2008,44,347.60
CO,2008,51,359.32
CO,2009,1,288.21
CO,2009,10,291.43
CO,2009,17,292.34
CO,2009,24,303.64
CO,2009,31,300.12
CO,2009,38,287.28
CO,2009,45,294.45
CO,2009,8,293.44
CO,2010,11,316.20
CO,2010,18,311.15
CO,2010,25,315.10
CO,2010,32,318.32
CO,2010,39,302.89
CO,2010,6,310.42
CO,2011,12,330.72
CO,2011,19,327.24
CO,2011,26,332.88
CO,2011,33,332.27
CO,2011,4,324.72
CO,2011,40,325.98
CO,2011,47,327.54
