CO,1987,49,174.90
CO,1988,15,175.50
CO,1988,22,178.20
CO,1988,29,180.06
CO,1988,36,179.15
CO,1988,43,173.65
CO,1988,50,175.74
CO,1988,6,165.92
CO,1989,16,183.26
CO,1989,23,179.40
CO,1989,30,182.32
CO,1989,37,182.09
CO,1989,4,182.75
CO,1989,44,176.67
CO,1989,51,179.74
CO,1990,10,179.25
CO,1990,17,174.08
CO,1990,2,178.20
CO,1990,24,172.70
CO,1990,31,174.42
CO,1990,38,174.60
CO,1990,45,169.84
CO,1990,52,173.68
CO,1990,9,180.92
CO,1991,0,174.60
CO,1991,11,183.20
CO,1991,18,179.08
CO,1991,25,179.41
CO,1991,32,180.60
CO,1991,39,176.40
CO,1991,46,175.82
CO,1991,7,181.80
CO,1992,12,186.15
CO,1992,19,184.44
CO,1992,26,186.88
CO,1992,33,187.74
CO,1992,40,183.54
CO,1992,47,188.00
CO,1992,5,187.20
CO,1993,13,195.92
CO,1993,20,191.58
CO,1993,27,195.72
CO,1993,3,195.50
CO,1993,34,193.20
CO,1993,41,174.00
CO,1993,48,172.48
CO,1994,1,167.81
CO,1994,14,153.48
CO,1994,21,153.00
CO,1994,28,150.00
CO,1994,35,149.36
CO,1994,42,146.31
CO,1994,49,152.60
CO,1994,8,165.00
CO,1995,15,184.14
CO,1995,22,180.00
CO,1995,29,188.72
CO,1995,36,182.85
CO,1995,43,185.25
CO,1995,50,195.50
CO,1995,6,176.52
CO,1996,16,195.56
CO,1996,23,200.58
CO,1996,30,202.12
CO,1996,37,196.69
CO,1996,4,193.11
CO,1996,44,202.50
CO,1996,51,209.44
CO,1997,10,212.40
CO,1997,17,211.40
CO,1997,2,205.54
CO,1997,24,210.16
CO,1997,31,214.83
CO,1997,38,209.04
CO,1997,45,214.70
CO,1997,52,219.23
CO,1997,9,213.29
CO,1998,0,217.60
CO,1998,11,219.23
CO,1998,18,223.56
CO,1998,25,222.50
CO,1998,32,223.74
CO,1998,39,223.60
CO,1998,46,228.75
CO,1998,7,218.11
CO,1999,12,241.99
CO,1999,19,243.18
CO,1999,26,245.22
CO,1999,33,245.10
CO,1999,40,239.86
CO,1999,47,249.90
CO,1999,5,242.50
CO,2000,13,261.80
CO,2000,20,267.46
CO,2000,27,272.85
CO,2000,3,258.66
CO,2000,34,271.70
CO,2000,41,265.00
CO,2000,48,267.91
CO,2001,1,282.22
CO,2001,14,292.80
CO,2001,21,290.85
CO,2001,28,288.10
CO,2001,35,289.51
CO,2001,42,281.00
CO,2001,49,280.36
CO,2001,8,286.40
CO,2002,15,230.28
CO,2002,22,230.56
CO,2002,29,231.84
CO,2002,36,225.00
CO,2002,43,224.84
CO,2002,50,229.62
CO,2002,6,226.80
CO,2003,16,248.64
CO,2003,23,250.16
CO,2003,30,252.00
CO,2003,37,248.42
CO,2003,4,239.61
CO,2003,44,246.00
CO,2003,51,256.28
CO,2004,10,266.91
CO,2004,17,266.07
CO,2004,2,267.01
CO,2004,24,271.18
CO,2004,31,271.65
CO,2004,38,266.96
CO,2004,45,267.26
CO,2004,52,271.16
CO,2004,9,266.71
CO,2005,0,287.06
CO,2005,11,286.00
CO,2005,18,282.80
CO,2005,25,292.50
CO,2005,32,292.60
CO,2005,39,287.15
CO,2005,46,291.30
CO,2005,7,286.51
CO,2006,12,308.95
CO,2006,19,306.38
CO,2006,26,323.43
CO,2006,33,318.06
CO,2006,40,304.94
CO,2006,47,310.08
CO,2006,5,306.90
CO,2007,13,332.64
CO,2007,20,332.87
CO,2007,27,336.60
CO,2007,3,332.21
CO,2007,34,339.08
CO,2007,41,330.75
CO,2007,48,325.77
CO,2008,1,344.02
CO,2008,14,345.10
CO,2008,21,345.10
CO,2008,28,349.70
CO,2008,35,347.48
CO,2008,42,338.91
CO,2008,49,347.17
CO,2008,8,347.47
CO,2009,15,292.80
CO,2009,22,292.32
CO,2009,29,300.30
CO,2009,36,288.83
CO,2009,43,290.23
CO,2009,6,290.76
CO,2010,16,314.98
CO,2010,23,318.20
CO,2010,30,317.52
CO,2010,37,301.35
CO,2010,4,314.60
CO,2010,51,320.25
CO,2011,10,328.86
CO,2011,17,323.92
CO,2011,2,324.15
CO,2011,24,333.22
CO,2011,31,340.10
CO,2011,38,320.46
CO,2011,45,332.58
CO,2011,52,353.38
CO,2011,9,329.70
