AS,1987,50,49.20
AS,1988,16,52.30
AS,1988,23,53.90
AS,1988,3,50.80
AS,1988,30,52.90
AS,1988,37,52.70
AS,1988,44,53.60
AS,1988,51,57.60
AS,1989,1,55.25
AS,1989,10,55.10
AS,1989,17,55.10
AS,1989,24,58.50
AS,1989,31,54.60
AS,1989,38,54.68
AS,1989,45,55.90
AS,1989,52,55.05
AS,1989,8,57.42
AS,1990,11,56.70
AS,1990,18,57.00
AS,1990,25,59.40
AS,1990,32,59.85
AS,1990,39,58.00
AS,1990,46,57.00
AS,1990,6,57.75
AS,1991,12,56.80
AS,1991,19,58.80
AS,1991,26,63.00
AS,1991,33,62.05
AS,1991,4,57.60
AS,1991,40,61.20
AS,1991,47,61.20
AS,1992,13,62.40
AS,1992,2,59.18
AS,1992,20,63.58
AS,1992,27,64.50
AS,1992,34,64.18
AS,1992,41,61.65
AS,1992,48,61.68
AS,1992,9,61.88
AS,1993,0,64.60
AS,1993,14,61.48
AS,1993,21,60.82
AS,1993,28,63.07
AS,1993,35,66.66
AS,1993,42,62.96
AS,1993,49,64.80
AS,1993,7,65.10
AS,1994,15,65.34
AS,1994,22,68.16
AS,1994,29,70.48
AS,1994,36,69.30
AS,1994,43,72.85
AS,1994,5,66.03
AS,1994,50,74.00
AS,1995,16,82.42
AS,1995,23,79.20
AS,1995,3,78.40
AS,1995,30,79.38
AS,1995,37,82.08
AS,1995,44,84.18
AS,1995,51,84.96
AS,1996,1,83.60
AS,1996,10,86.24
AS,1996,17,82.16
AS,1996,24,77.28
AS,1996,31,77.38
AS,1996,38,80.58
AS,1996,45,80.91
AS,1996,52,82.14
AS,1996,8,83.88
AS,1997,11,80.02
AS,1997,18,79.00
AS,1997,25,81.50
AS,1997,32,82.80
AS,1997,39,80.40
AS,1997,46,81.18
AS,1997,6,80.60
AS,1998,12,80.24
AS,1998,19,80.24
AS,1998,26,84.16
AS,1998,33,85.50
AS,1998,4,82.56
AS,1998,40,81.54
AS,1998,47,82.34
AS,1999,13,94.05
AS,1999,2,90.28
AS,1999,20,95.58
AS,1999,27,95.17
AS,1999,34,95.22
AS,1999,41,96.90
AS,1999,48,97.27
AS,1999,9,97.16
AS,2000,0,106.70
AS,2000,14,107.12
AS,2000,21,107.37
AS,2000,28,106.49
AS,2000,35,106.14
AS,2000,42,105.84
AS,2000,49,105.41
AS,2000,7,108.00
AS,2001,15,114.66
AS,2001,22,117.51
AS,2001,29,114.00
AS,2001,36,117.09
AS,2001,43,115.28
AS,2001,5,117.12
AS,2001,50,117.48
AS,2002,16,74.37
AS,2002,23,77.81
AS,2002,3,72.28
AS,2002,30,76.95
AS,2002,37,76.70
AS,2002,44,76.20
AS,2002,51,81.36
AS,2003,1,86.40
AS,2003,10,86.94
AS,2003,17,86.35
AS,2003,24,85.20
AS,2003,31,86.76
AS,2003,38,83.51
AS,2003,45,86.40
AS,2003,52,85.68
AS,2003,8,86.80
AS,2004,11,94.72
AS,2004,18,99.40
AS,2004,25,98.60
AS,2004,32,97.24
AS,2004,39,96.80
AS,2004,46,96.85
AS,2004,6,96.80
AS,2005,12,105.40
AS,2005,19,105.50
AS,2005,26,106.68
AS,2005,33,104.25
AS,2005,4,107.42
AS,2005,40,107.22
AS,2005,47,108.00
AS,2006,13,118.08
AS,2006,2,117.82
AS,2006,20,119.66
AS,2006,27,119.48
AS,2006,34,117.00
AS,2006,41,119.60
AS,2006,48,121.36
AS,2006,9,120.90
AS,2007,0,128.88
AS,2007,14,130.97
AS,2007,21,129.28
AS,2007,28,132.60
AS,2007,35,128.80
AS,2007,42,131.25
AS,2007,49,135.80
AS,2007,7,127.30
AS,2008,15,145.48
AS,2008,29,151.06
AS,2008,36,152.72
AS,2008,43,150.45
AS,2008,5,145.86
AS,2008,50,148.50
AS,2009,16,109.20
AS,2009,23,114.44
AS,2009,3,110.16
AS,2009,30,111.60
AS,2009,37,115.28
AS,2009,44,115.50
AS,2010,1,123.19
AS,2010,10,120.52
AS,2010,17,123.23
AS,2010,24,124.83
AS,2010,31,123.16
AS,2010,38,125.51
AS,2010,52,126.05
AS,2010,8,124.80
AS,2011,11,137.20
AS,2011,18,135.83
AS,2011,25,135.72
AS,2011,32,134.32
AS,2011,39,135.52
AS,2011,46,141.12
AS,2011,6,137.10
AS,2012,12,151.89
AS,2012,19,151.50
AS,2012,26,151.47
AS,2012,33,152.28
AS,2012,4,155.40
AS,2012,40,153.54
AS,2012,47,154.70
AS,2013,13,168.20
AS,2013,2,170.80
AS,2013,20,166.46
AS,2013,27,159.13
AS,2013,34,160.36
AS,2013,41,159.65
AS,2013,48,167.78
AS,2013,9,170.56
AS,2014,0,187.98
AS,2014,14,179.40
AS,2014,21,181.80
AS,2014,28,173.68
AS,2014,35,172.80
AS,2014,42,174.75
AS,2014,49,179.69
AS,2014,7,179.55
AS,2015,15,191.00
AS,2015,22,191.10
AS,2015,29,191.25
AS,2015,36,187.24
AS,2015,43,190.75
AS,2015,5,187.55
