AS,1988,12,51.50
AS,1988,19,53.20
AS,1988,26,53.35
AS,1988,33,52.50
AS,1988,40,54.00
AS,1988,47,57.60
AS,1988,6,52.32
AS,1989,13,56.00
AS,1989,20,58.50
AS,1989,27,55.45
AS,1989,34,58.70
AS,1989,4,57.18
AS,1989,41,57.50
AS,1989,48,56.35
AS,1990,14,58.30
AS,1990,2,54.60
AS,1990,21,57.60
AS,1990,28,59.40
AS,1990,35,57.00
AS,1990,42,58.50
AS,1990,49,60.45
AS,1990,9,56.35
AS,1991,0,56.90
AS,1991,15,56.40
AS,1991,22,61.50
AS,1991,29,61.00
AS,1991,36,62.28
AS,1991,43,60.95
AS,1991,50,61.42
AS,1991,7,58.80
AS,1992,16,61.60
AS,1992,23,62.40
AS,1992,30,63.70
AS,1992,37,64.60
AS,1992,44,63.25
AS,1992,5,60.00
AS,1992,51,61.50
AS,1993,10,62.00
AS,1993,17,62.19
AS,1993,24,63.82
AS,1993,3,64.80
AS,1993,31,67.20
AS,1993,38,66.40
AS,1993,45,67.60
AS,1993,52,66.95
AS,1994,1,66.30
AS,1994,11,66.24
AS,1994,18,67.26
AS,1994,25,68.34
AS,1994,32,70.00
AS,1994,39,69.74
AS,1994,46,74.37
AS,1994,8,67.00
AS,1995,12,83.98
AS,1995,19,82.80
AS,1995,26,82.68
AS,1995,33,81.12
AS,1995,40,84.70
AS,1995,47,83.37
AS,1995,6,85.10
AS,1996,13,83.20
AS,1996,20,81.36
AS,1996,27,79.02
AS,1996,34,78.72
AS,1996,4,84.63
AS,1996,41,80.22
AS,1996,48,82.46
AS,1997,14,79.62
AS,1997,2,81.37
AS,1997,21,79.30
AS,1997,28,83.52
AS,1997,35,83.16
AS,1997,42,80.85
AS,1997,49,82.38
AS,1997,9,79.79
AS,1998,0,82.08
AS,1998,15,81.76
AS,1998,22,84.37
AS,1998,29,85.88
AS,1998,36,85.14
AS,1998,43,83.89
AS,1998,50,83.79
AS,1998,7,81.09
AS,1999,16,95.68
AS,1999,23,96.30
AS,1999,30,94.09
AS,1999,37,96.10
AS,1999,44,98.40
AS,1999,5,89.68
AS,1999,51,100.44
AS,2000,10,108.55
AS,2000,17,106.00
AS,2000,24,108.86
AS,2000,3,106.68
AS,2000,31,107.25
AS,2000,38,104.64
AS,2000,45,107.35
AS,2000,52,107.26
AS,2001,1,115.83
AS,2001,11,117.60
AS,2001,18,114.50
AS,2001,25,117.74
AS,2001,32,117.24
AS,2001,39,112.16
AS,2001,46,113.28
AS,2001,8,117.50
AS,2002,12,78.00
AS,2002,19,74.76
AS,2002,26,78.11
AS,2002,33,77.50
AS,2002,40,76.72
AS,2002,47,79.42
AS,2002,6,76.80
AS,2003,13,84.46
AS,2003,20,87.12
AS,2003,27,85.33
AS,2003,34,86.48
AS,2003,4,85.50
AS,2003,41,85.10
AS,2003,48,84.28
AS,2004,14,95.91
AS,2004,2,95.64
AS,2004,21,93.74
AS,2004,28,96.52
AS,2004,35,96.39
AS,2004,42,97.85
AS,2004,49,96.80
AS,2004,9,97.50
AS,2005,0,105.75
AS,2005,15,107.45
AS,2005,22,107.67
AS,2005,29,103.76
AS,2005,36,107.30
AS,2005,43,107.64
AS,2005,50,108.64
AS,2005,7,107.38
AS,2006,16,118.58
AS,2006,23,117.16
AS,2006,30,120.46
AS,2006,37,117.80
AS,2006,44,119.52
AS,2006,5,118.43
AS,2006,51,122.50
AS,2007,10,130.20
AS,2007,17,128.70
AS,2007,24,130.96
AS,2007,3,128.04
AS,2007,31,132.02
AS,2007,38,131.02
AS,2007,45,132.36
AS,2007,52,130.80
AS,2008,1,144.56
AS,2008,11,145.39
AS,2008,18,153.30
AS,2008,32,149.52
AS,2008,39,151.25
AS,2008,46,151.90
AS,2008,8,142.80
AS,2009,12,105.98
AS,2009,19,110.40
AS,2009,26,115.02
AS,2009,33,112.09
AS,2009,40,113.20
AS,2009,47,113.60
AS,2009,6,111.54
AS,2010,13,123.75
AS,2010,20,128.70
AS,2010,27,125.24
AS,2010,34,126.72
AS,2010,4,126.32
AS,2010,41,128.27
AS,2010,48,127.68
AS,2011,14,138.84
AS,2011,2,136.40
AS,2011,21,137.60
AS,2011,28,136.40
AS,2011,35,138.44
AS,2011,42,140.61
AS,2011,49,138.03
AS,2011,9,136.17
AS,2012,0,154.77
AS,2012,15,153.00
AS,2012,22,154.89
AS,2012,29,148.32
AS,2012,36,154.57
AS,2012,43,153.10
AS,2012,50,156.06
AS,2012,7,149.10
AS,2013,16,164.31
AS,2013,23,161.60
AS,2013,30,152.94
AS,2013,37,156.42
AS,2013,44,167.20
AS,2013,5,165.09
AS,2013,51,177.44
AS,2014,10,181.35
AS,2014,17,172.80
AS,2014,24,175.68
AS,2014,3,179.56
AS,2014,31,171.60
AS,2014,38,174.02
AS,2014,45,180.30
AS,2014,52,182.40
AS,2015,1,192.96
AS,2015,11,192.98
AS,2015,18,191.82
AS,2015,25,188.76
AS,2015,32,190.38
AS,2015,39,198.75
AS,2015,8,190.80
