AS,1987,47,49.82
AS,1988,0,48.30
AS,1988,13,53.28
AS,1988,20,52.80
AS,1988,27,54.45
AS,1988,34,53.15
AS,1988,41,53.90
AS,1988,48,55.20
AS,1988,7,52.70
AS,1989,14,55.20
AS,1989,21,56.10
AS,1989,28,58.52
AS,1989,35,58.85
AS,1989,42,55.50
AS,1989,49,57.50
AS,1989,5,56.70
AS,1990,15,55.15
AS,1990,22,56.70
AS,1990,29,60.00
AS,1990,3,56.38
AS,1990,36,59.80
AS,1990,43,60.00
AS,1990,50,58.05
AS,1991,1,58.65
AS,1991,16,55.25
AS,1991,23,61.98
AS,1991,30,63.80
AS,1991,37,63.00
AS,1991,44,62.40
AS,1991,51,61.20
AS,1991,8,58.65
AS,1992,10,61.10
AS,1992,17,59.85
AS,1992,24,62.00
AS,1992,31,65.25
AS,1992,38,60.30
AS,1992,45,63.65
AS,1992,52,65.50
AS,1992,6,62.05
AS,1993,11,62.10
AS,1993,18,61.53
AS,1993,25,64.60
AS,1993,32,66.00
AS,1993,39,65.52
AS,1993,4,60.80
AS,1993,46,63.94
AS,1994,12,68.88
AS,1994,19,65.86
AS,1994,2,64.06
AS,1994,26,69.92
AS,1994,33,69.63
AS,1994,40,69.43
AS,1994,47,76.50
AS,1994,9,67.88
AS,1995,0,84.00
AS,1995,13,82.80
AS,1995,20,84.30
AS,1995,27,80.08
AS,1995,34,80.50
AS,1995,41,81.18
AS,1995,48,86.13
AS,1995,7,83.08
AS,1996,14,81.95
AS,1996,21,79.46
AS,1996,28,78.30
AS,1996,35,77.97
AS,1996,42,80.12
AS,1996,49,83.71
AS,1996,5,87.04
AS,1997,15,81.82
AS,1997,22,79.06
AS,1997,29,82.52
AS,1997,3,79.05
AS,1997,36,80.85
AS,1997,43,81.10
AS,1997,50,82.56
AS,1998,1,80.04
AS,1998,16,81.48
AS,1998,23,84.60
AS,1998,30,86.24
AS,1998,37,84.82
AS,1998,44,85.36
AS,1998,51,85.20
AS,1998,8,79.20
AS,1999,10,96.78
AS,1999,17,95.68
AS,1999,24,94.48
AS,1999,31,97.29
AS,1999,38,93.20
AS,1999,45,97.97
AS,1999,52,97.78
AS,1999,6,92.12
AS,2000,11,107.03
AS,2000,18,104.95
AS,2000,25,106.90
AS,2000,32,107.30
AS,2000,39,107.64
AS,2000,4,105.06
AS,2000,46,109.76
AS,2001,12,119.70
AS,2001,19,117.34
AS,2001,2,118.00
AS,2001,26,114.92
AS,2001,33,116.58
AS,2001,40,113.19
AS,2001,47,115.11
AS,2001,9,115.44
AS,2002,0,73.20
AS,2002,13,75.60
AS,2002,20,77.28
AS,2002,27,78.00
AS,2002,34,77.38
AS,2002,41,77.39
AS,2002,48,78.10
AS,2002,7,76.14
AS,2003,14,89.06
AS,2003,21,86.48
AS,2003,28,83.61
AS,2003,35,85.88
AS,2003,42,85.25
AS,2003,49,86.36
AS,2003,5,86.42
AS,2004,15,94.02
AS,2004,22,95.70
AS,2004,29,96.52
AS,2004,3,93.60
AS,2004,36,93.80
AS,2004,43,99.00
AS,2004,50,97.68
AS,2005,1,107.74
AS,2005,16,104.18
AS,2005,23,105.02
AS,2005,30,105.06
AS,2005,37,108.36
AS,2005,44,108.70
AS,2005,51,112.16
AS,2005,8,105.56
AS,2006,10,119.52
AS,2006,17,117.70
AS,2006,24,119.14
AS,2006,31,117.12
AS,2006,38,117.86
AS,2006,45,118.00
AS,2006,52,123.68
AS,2006,6,120.54
AS,2007,11,129.18
AS,2007,18,127.19
AS,2007,25,130.54
AS,2007,32,129.20
AS,2007,39,125.58
AS,2007,4,130.07
AS,2007,46,132.84
AS,2008,12,146.16
AS,2008,19,149.77
AS,2008,2,145.35
AS,2008,26,151.20
AS,2008,33,153.26
AS,2008,40,145.23
AS,2008,47,153.68
AS,2008,9,144.97
AS,2009,0,111.28
AS,2009,13,108.15
AS,2009,20,113.60
AS,2009,27,111.78
AS,2009,34,112.80
AS,2009,41,110.60
AS,2009,7,108.80
AS,2010,14,124.22
AS,2010,21,129.99
AS,2010,28,124.00
AS,2010,35,125.44
AS,2010,42,122.85
AS,2010,49,126.39
AS,2010,5,122.84
AS,2011,15,138.60
AS,2011,22,138.18
AS,2011,29,138.86
AS,2011,3,134.40
AS,2011,36,134.34
AS,2011,43,142.74
AS,2011,50,142.60
AS,2012,1,151.96
AS,2012,16,148.50
AS,2012,23,150.10
AS,2012,30,150.80
AS,2012,37,154.29
AS,2012,44,151.20
AS,2012,51,159.60
AS,2012,8,153.37
AS,2013,10,166.32
AS,2013,17,167.14
AS,2013,24,162.74
AS,2013,31,158.40
AS,2013,38,158.50
AS,2013,45,162.42
AS,2013,52,176.55
AS,2013,6,170.50
AS,2014,11,185.25
AS,2014,18,175.16
AS,2014,25,174.00
AS,2014,32,171.84
AS,2014,39,176.00
AS,2014,4,179.48
AS,2014,46,178.35
AS,2015,12,196.93
AS,2015,19,191.03
AS,2015,2,187.58
AS,2015,26,189.14
AS,2015,33,189.06
AS,2015,40,194.68
AS,2015,9,191.62
