AS,1987,49,51.68
AS,1988,15,50.50
AS,1988,2,49.40
AS,1988,22,53.35
AS,1988,29,52.58
AS,1988,36,54.00
AS,1988,43,53.25
AS,1988,50,56.00
AS,1988,9,52.80
AS,1989,0,57.20
AS,1989,16,55.05
AS,1989,23,56.95
AS,1989,30,55.28
AS,1989,37,55.30
AS,1989,44,55.80
AS,1989,51,55.35
AS,1989,7,54.60
AS,1990,10,58.50
AS,1990,17,58.80
AS,1990,24,58.10
AS,1990,31,57.75
AS,1990,38,57.60
AS,1990,45,61.50
AS,1990,5,60.80
AS,1990,52,57.40
AS,1991,11,57.40
AS,1991,18,59.28
AS,1991,25,65.18
AS,1991,3,58.02
AS,1991,32,62.28
AS,1991,39,63.00
AS,1991,46,61.60
AS,1992,1,59.00
AS,1992,12,61.20
AS,1992,19,63.75
AS,1992,26,61.60
AS,1992,33,63.00
AS,1992,40,62.40
AS,1992,47,66.00
AS,1992,8,60.20
AS,1993,13,60.75
AS,1993,20,60.60
AS,1993,27,62.63
AS,1993,34,65.96
AS,1993,41,64.00
AS,1993,48,66.30
AS,1993,6,62.08
AS,1994,14,66.94
AS,1994,21,66.03
AS,1994,28,67.88
AS,1994,35,71.28
AS,1994,4,67.10
AS,1994,42,69.75
AS,1994,49,75.96
AS,1995,15,83.13
AS,1995,2,85.30
AS,1995,22,81.18
AS,1995,29,80.62
AS,1995,36,81.34
AS,1995,43,83.25
AS,1995,50,85.36
AS,1995,9,81.07
AS,1996,0,86.67
AS,1996,16,81.00
AS,1996,23,78.86
AS,1996,30,78.28
AS,1996,37,80.59
AS,1996,44,79.87
AS,1996,51,84.39
AS,1996,7,82.11
AS,1997,10,80.61
AS,1997,17,79.37
AS,1997,24,81.04
AS,1997,31,83.36
AS,1997,38,79.68
AS,1997,45,83.07
AS,1997,5,80.88
AS,1997,52,78.69
AS,1998,11,81.00
AS,1998,18,80.64
AS,1998,25,84.63
AS,1998,3,79.38
AS,1998,32,86.38
AS,1998,39,84.24
AS,1998,46,83.52
AS,1999,1,93.60
AS,1999,12,95.91
AS,1999,19,96.21
AS,1999,26,97.88
AS,1999,33,95.92
AS,1999,40,94.28
AS,1999,47,97.86
AS,1999,8,93.08
AS,2000,13,105.84
AS,2000,20,102.00
AS,2000,27,107.47
AS,2000,34,105.73
AS,2000,41,108.00
AS,2000,48,106.80
AS,2000,6,106.40
AS,2001,14,114.33
AS,2001,21,113.11
AS,2001,28,120.89
AS,2001,35,115.55
AS,2001,4,116.28
AS,2001,42,110.36
AS,2001,49,116.44
AS,2002,15,76.20
AS,2002,2,76.48
AS,2002,22,75.67
AS,2002,29,74.40
AS,2002,36,75.02
AS,2002,43,77.52
AS,2002,50,75.53
AS,2002,9,75.64
AS,2003,0,85.74
AS,2003,16,84.24
AS,2003,23,84.82
AS,2003,30,85.86
AS,2003,37,87.21
AS,2003,44,85.68
AS,2003,51,84.53
AS,2003,7,84.09
AS,2004,10,96.60
AS,2004,17,94.77
AS,2004,24,100.06
AS,2004,31,97.44
AS,2004,38,96.72
AS,2004,45,96.75
AS,2004,5,93.62
AS,2004,52,100.78
AS,2005,11,105.72
AS,2005,18,104.52
AS,2005,25,104.91
AS,2005,3,107.14
AS,2005,32,105.78
AS,2005,39,104.97
AS,2005,46,110.72
AS,2006,1,116.05
AS,2006,12,120.84
AS,2006,19,118.56
AS,2006,26,118.65
AS,2006,33,120.14
AS,2006,40,119.28
AS,2006,47,119.31
AS,2006,8,117.75
AS,2007,13,130.50
AS,2007,20,130.20
AS,2007,27,129.56
AS,2007,34,131.14
AS,2007,41,129.86
AS,2007,48,132.12
AS,2007,6,133.95
AS,2008,14,141.81
AS,2008,21,145.96
AS,2008,28,150.41
AS,2008,35,153.36
AS,2008,4,146.16
AS,2008,42,151.25
AS,2008,49,153.00
AS,2009,15,109.85
AS,2009,2,109.20
AS,2009,22,112.20
AS,2009,29,114.00
AS,2009,36,111.78
AS,2009,43,116.23
AS,2009,9,110.07
AS,2010,0,126.72
AS,2010,16,122.64
AS,2010,23,125.80
AS,2010,30,121.12
AS,2010,37,124.26
AS,2010,51,128.18
AS,2010,7,123.80
AS,2011,10,135.58
AS,2011,17,138.40
AS,2011,24,137.00
AS,2011,31,133.76
AS,2011,38,141.34
AS,2011,45,138.32
AS,2011,5,139.50
AS,2011,52,145.34
AS,2012,11,152.41
AS,2012,18,153.75
AS,2012,25,150.51
AS,2012,3,148.80
AS,2012,32,151.65
AS,2012,39,150.50
AS,2012,46,164.65
AS,2013,1,165.48
AS,2013,12,167.30
AS,2013,19,166.40
AS,2013,26,161.12
AS,2013,33,158.76
AS,2013,40,159.95
AS,2013,47,171.60
AS,2013,8,169.20
AS,2014,13,185.22
AS,2014,20,180.36
AS,2014,27,170.78
AS,2014,34,171.36
AS,2014,41,172.90
AS,2014,48,179.67
AS,2014,6,175.15
AS,2015,14,191.80
AS,2015,21,191.10
AS,2015,28,188.19
AS,2015,35,191.38
AS,2015,4,189.98
AS,2015,42,198.40
