AS,1987,52,54.00
AS,1988,11,53.50
AS,1988,18,53.90
AS,1988,25,53.20
AS,1988,32,52.00
AS,1988,39,54.40
AS,1988,46,54.75
AS,1988,5,53.30
AS,1989,12,54.60
AS,1989,19,56.25
AS,1989,26,58.80
AS,1989,3,57.50
AS,1989,33,56.16
AS,1989,40,57.00
AS,1989,47,56.25
AS,1990,1,57.50
AS,1990,13,56.18
AS,1990,20,57.75
AS,1990,27,58.00
AS,1990,34,56.10
AS,1990,41,59.98
AS,1990,48,57.75
AS,1990,8,57.60
AS,1991,14,58.78
AS,1991,21,59.85
AS,1991,28,62.00
AS,1991,35,62.70
AS,1991,42,63.00
AS,1991,49,61.62
AS,1991,6,59.40
AS,1992,15,62.40
AS,1992,22,60.80
AS,1992,29,63.00
AS,1992,36,62.40
AS,1992,4,62.00
AS,1992,43,61.20
AS,1992,50,61.60
AS,1993,16,60.32
AS,1993,2,63.70
AS,1993,23,62.72
AS,1993,30,64.40
AS,1993,37,66.58
AS,1993,44,68.40
AS,1993,51,70.21
AS,1993,9,64.48
AS,1994,0,67.00
AS,1994,10,68.68
AS,1994,17,66.00
AS,1994,24,70.56
AS,1994,31,69.09
AS,1994,38,71.15
AS,1994,45,76.63
AS,1994,52,68.00
AS,1994,7,67.33
AS,1995,11,83.70
AS,1995,18,82.80
AS,1995,25,80.30
AS,1995,32,79.20
AS,1995,39,81.76
AS,1995,46,85.80
AS,1995,5,82.96
AS,1996,12,81.60
AS,1996,19,80.08
AS,1996,26,78.36
AS,1996,3,81.76
AS,1996,33,79.38
AS,1996,40,80.58
AS,1996,47,83.73
AS,1997,1,82.88
AS,1997,13,80.56
AS,1997,20,78.00
AS,1997,27,83.56
AS,1997,34,83.00
AS,1997,41,84.15
AS,1997,48,83.82
AS,1997,8,81.22
AS,1998,14,80.04
AS,1998,21,80.33
AS,1998,28,85.78
AS,1998,35,84.20
AS,1998,42,82.32
AS,1998,49,84.50
AS,1998,6,81.27
AS,1999,15,94.20
AS,1999,22,94.54
AS,1999,29,94.00
AS,1999,36,94.08
AS,1999,4,91.50
AS,1999,43,94.30
AS,1999,50,98.00
AS,2000,16,105.30
AS,2000,2,106.44
AS,2000,23,105.48
AS,2000,30,106.74
AS,2000,37,105.16
AS,2000,44,105.72
AS,2000,51,106.95
AS,2000,9,108.04
AS,2001,0,116.26
AS,2001,10,115.47
AS,2001,17,115.62
AS,2001,24,116.62
AS,2001,31,117.52
AS,2001,38,113.88
AS,2001,45,116.10
AS,2001,52,111.50
AS,2001,7,115.92
AS,2002,11,76.02
AS,2002,18,76.65
AS,2002,25,78.40
AS,2002,32,77.05
AS,2002,39,76.26
AS,2002,46,78.97
AS,2002,5,72.72
AS,2003,12,86.94
AS,2003,19,84.55
AS,2003,26,84.56
AS,2003,3,86.25
AS,2003,33,84.92
AS,2003,40,87.27
AS,2003,47,86.64
AS,2004,1,95.94
AS,2004,13,95.00
AS,2004,20,93.48
AS,2004,27,97.58
AS,2004,34,96.00
AS,2004,41,97.06
AS,2004,48,99.44
AS,2004,8,94.87
AS,2005,14,106.80
AS,2005,21,105.40
AS,2005,28,102.85
AS,2005,35,104.98
AS,2005,42,106.47
AS,2005,49,108.12
AS,2005,6,105.06
AS,2006,15,118.40
AS,2006,22,117.60
AS,2006,29,115.24
AS,2006,36,119.44
AS,2006,4,118.50
AS,2006,43,119.19
AS,2006,50,118.69
AS,2007,16,130.41
AS,2007,2,129.42
AS,2007,23,127.60
AS,2007,30,128.07
AS,2007,37,129.58
AS,2007,44,132.60
AS,2007,51,137.60
AS,2007,9,127.88
AS,2008,0,141.02
AS,2008,10,142.78
AS,2008,17,149.94
AS,2008,31,150.92
AS,2008,38,150.80
AS,2008,45,149.76
AS,2008,52,157.50
AS,2008,7,146.26
AS,2009,11,104.16
AS,2009,18,113.11
AS,2009,25,111.72
AS,2009,32,114.66
AS,2009,39,111.76
AS,2009,46,116.44
AS,2009,5,107.16
AS,2010,12,122.40
AS,2010,19,126.08
AS,2010,26,127.18
AS,2010,3,125.35
AS,2010,33,124.44
AS,2010,40,124.03
AS,2010,47,127.21
AS,2011,1,136.36
AS,2011,13,139.38
AS,2011,20,139.92
AS,2011,27,138.20
AS,2011,34,137.76
AS,2011,41,136.00
AS,2011,48,138.94
AS,2011,8,139.74
AS,2012,14,152.57
AS,2012,21,153.56
AS,2012,28,151.80
AS,2012,35,157.50
AS,2012,42,152.18
AS,2012,49,153.95
AS,2012,6,153.70
AS,2013,15,160.29
AS,2013,22,166.40
AS,2013,29,158.20
AS,2013,36,159.60
AS,2013,4,170.20
AS,2013,43,164.60
AS,2013,50,170.17
AS,2014,16,182.14
AS,2014,2,180.00
AS,2014,23,174.72
AS,2014,30,170.07
AS,2014,37,173.01
AS,2014,44,180.20
AS,2014,51,183.11
AS,2014,9,184.87
AS,2015,0,194.88
AS,2015,10,195.60
AS,2015,17,186.45
AS,2015,24,188.10
AS,2015,31,188.50
AS,2015,38,193.51
AS,2015,7,189.04
