AS,1987,48,51.70
AS,1988,1,48.60
AS,1988,14,55.10
AS,1988,21,53.20
AS,1988,28,52.50
AS,1988,35,55.10
AS,1988,42,54.00
AS,1988,49,55.68
AS,1988,8,52.50
AS,1989,15,57.60
AS,1989,22,54.60
AS,1989,29,56.40
AS,1989,36,55.00
AS,1989,43,57.02
AS,1989,50,58.50
AS,1989,6,58.00
AS,1990,16,57.15
AS,1990,23,57.68
AS,1990,30,56.70
AS,1990,37,58.20
AS,1990,4,56.00
AS,1990,44,58.80
AS,1990,51,59.82
AS,1991,10,58.50
AS,1991,17,59.18
AS,1991,2,59.18
AS,1991,24,64.00
AS,1991,31,63.25
AS,1991,38,61.68
AS,1991,45,62.00
AS,1991,52,58.80
AS,1991,9,58.00
AS,1992,0,62.95
AS,1992,11,60.75
AS,1992,18,61.42
AS,1992,25,62.28
AS,1992,32,63.00
AS,1992,39,61.50
AS,1992,46,63.85
AS,1992,7,63.70
AS,1993,12,62.63
AS,1993,19,61.39
AS,1993,26,65.25
AS,1993,33,64.74
AS,1993,40,65.55
AS,1993,47,66.62
AS,1993,5,60.72
AS,1994,13,67.32
AS,1994,20,66.46
AS,1994,27,70.18
AS,1994,3,67.65
AS,1994,34,73.23
AS,1994,41,69.72
AS,1994,48,72.30
AS,1995,1,79.92
AS,1995,14,85.48
AS,1995,21,85.28
AS,1995,28,79.92
AS,1995,35,81.28
AS,1995,42,79.54
AS,1995,49,85.20
AS,1995,8,84.74
AS,1996,15,84.42
AS,1996,22,82.81
AS,1996,29,78.47
AS,1996,36,78.75
AS,1996,43,80.00
AS,1996,50,83.16
AS,1996,6,86.07
AS,1997,16,79.56
AS,1997,23,79.17
AS,1997,30,82.08
AS,1997,37,82.16
AS,1997,4,81.42
AS,1997,44,83.37
AS,1997,51,80.56
AS,1998,10,81.41
AS,1998,17,82.32
AS,1998,2,80.13
AS,1998,24,83.52
AS,1998,31,87.56
AS,1998,38,83.74
AS,1998,45,84.70
AS,1998,52,84.84
AS,1998,9,81.84
AS,1999,0,92.44
AS,1999,11,96.00
AS,1999,18,93.55
AS,1999,25,94.86
AS,1999,32,95.04
AS,1999,39,96.00
AS,1999,46,97.16
AS,1999,7,93.15
AS,2000,12,106.72
AS,2000,19,104.58
AS,2000,26,105.06
AS,2000,33,104.58
AS,2000,40,108.00
AS,2000,47,110.09
AS,2000,5,105.80
AS,2001,13,115.53
AS,2001,20,114.24
AS,2001,27,116.59
AS,2001,3,115.70
AS,2001,34,119.98
AS,2001,41,113.74
AS,2001,48,117.78
AS,2002,1,73.20
AS,2002,14,77.04
AS,2002,21,76.25
AS,2002,28,75.90
AS,2002,35,76.34
AS,2002,42,77.49
AS,2002,49,80.62
AS,2002,8,74.85
AS,2003,15,86.31
AS,2003,22,87.11
AS,2003,29,87.84
AS,2003,36,86.32
AS,2003,43,82.50
AS,2003,50,88.00
AS,2003,6,85.68
AS,2004,16,95.48
AS,2004,23,98.04
AS,2004,30,96.20
AS,2004,37,93.97
AS,2004,4,94.50
AS,2004,44,93.22
AS,2004,51,97.50
AS,2005,10,105.06
AS,2005,17,105.06
AS,2005,2,105.78
AS,2005,24,107.64
AS,2005,31,104.52
AS,2005,38,107.80
AS,2005,45,108.91
AS,2005,52,109.62
AS,2005,9,104.65
AS,2006,0,119.52
AS,2006,11,116.25
AS,2006,18,117.16
AS,2006,25,115.95
AS,2006,32,118.32
AS,2006,39,117.92
AS,2006,46,120.50
AS,2006,7,120.36
AS,2007,12,126.81
AS,2007,19,127.00
AS,2007,26,131.04
AS,2007,33,131.04
AS,2007,40,133.28
AS,2007,47,130.53
AS,2007,5,132.80
AS,2008,13,145.23
AS,2008,20,149.96
AS,2008,27,151.08
AS,2008,3,144.15
AS,2008,34,149.52
AS,2008,41,150.87
AS,2008,48,154.02
AS,2009,1,109.20
AS,2009,14,109.65
AS,2009,21,113.40
AS,2009,28,112.32
AS,2009,35,115.73
AS,2009,42,112.36
AS,2009,8,110.02
AS,2010,15,120.78
AS,2010,22,128.52
AS,2010,29,125.40
AS,2010,36,123.24
AS,2010,43,120.17
AS,2010,50,125.61
AS,2010,6,124.98
AS,2011,16,134.64
AS,2011,23,134.00
AS,2011,30,137.86
AS,2011,37,139.74
AS,2011,4,135.85
AS,2011,44,140.80
AS,2011,51,142.49
AS,2012,10,152.00
AS,2012,17,152.64
AS,2012,2,151.68
AS,2012,24,152.88
AS,2012,31,152.32
AS,2012,38,154.01
AS,2012,45,159.25
AS,2012,52,152.80
AS,2012,9,154.00
AS,2013,0,171.12
AS,2013,11,165.00
AS,2013,18,161.92
AS,2013,25,157.95
AS,2013,32,159.36
AS,2013,39,161.12
AS,2013,46,169.75
AS,2013,7,166.28
AS,2014,12,183.98
AS,2014,19,178.00
AS,2014,26,175.50
AS,2014,33,173.03
AS,2014,40,174.08
AS,2014,47,181.74
AS,2014,5,180.00
AS,2015,13,194.76
AS,2015,20,191.56
AS,2015,27,192.66
AS,2015,3,192.87
AS,2015,34,185.32
AS,2015,41,191.80
