AS,1987,51,51.58
AS,1988,10,55.28
AS,1988,17,51.60
AS,1988,24,53.15
AS,1988,31,52.20
AS,1988,38,53.25
AS,1988,4,50.00
AS,1988,45,56.00
AS,1988,52,53.56
AS,1989,11,56.90
AS,1989,18,58.40
AS,1989,2,55.20
AS,1989,25,57.20
AS,1989,32,56.70
AS,1989,39,57.60
AS,1989,46,58.45
AS,1989,9,56.10
AS,1990,0,54.48
AS,1990,12,56.70
AS,1990,19,57.00
AS,1990,26,59.00
AS,1990,33,59.50
AS,1990,40,58.50
AS,1990,47,60.10
AS,1990,7,56.75
AS,1991,13,57.75
AS,1991,20,58.80
AS,1991,27,63.50
AS,1991,34,62.70
AS,1991,41,62.85
AS,1991,48,61.60
AS,1991,5,58.00
AS,1992,14,62.05
AS,1992,21,62.10
AS,1992,28,65.10
AS,1992,3,58.50
AS,1992,35,63.00
AS,1992,42,62.30
AS,1992,49,63.15
AS,1993,1,64.70
AS,1993,15,60.52
AS,1993,22,62.28
AS,1993,29,65.45
AS,1993,36,65.25
AS,1993,43,64.68
AS,1993,50,68.15
AS,1993,8,62.63
AS,1994,16,67.08
AS,1994,23,70.38
AS,1994,30,69.96
AS,1994,37,68.88
AS,1994,44,73.01
AS,1994,51,73.08
AS,1994,6,65.14
AS,1995,10,83.08
AS,1995,17,82.36
AS,1995,24,79.63
AS,1995,31,81.20
AS,1995,38,83.25
AS,1995,4,82.50
AS,1995,45,84.24
AS,1995,52,85.80
AS,1996,11,85.12
AS,1996,18,82.13
AS,1996,2,84.75
AS,1996,25,80.62
AS,1996,32,77.38
AS,1996,39,81.40
AS,1996,46,82.80
AS,1996,9,83.60
AS,1997,0,82.08
AS,1997,12,78.65
AS,1997,19,78.39
AS,1997,26,82.26
AS,1997,33,82.84
AS,1997,40,81.62
AS,1997,47,84.46
AS,1997,7,80.01
AS,1998,13,82.26
AS,1998,20,81.86
AS,1998,27,84.55
AS,1998,34,83.16
AS,1998,41,82.80
AS,1998,48,81.48
AS,1998,5,79.26
AS,1999,14,91.53
AS,1999,21,95.13
AS,1999,28,94.69
AS,1999,3,88.80
AS,1999,35,97.32
AS,1999,42,94.86
AS,1999,49,97.75
AS,2000,1,107.12
AS,2000,15,106.27
AS,2000,22,108.00
AS,2000,29,105.82
AS,2000,36,109.14
AS,2000,43,104.94
AS,2000,50,105.05
AS,2000,8,107.10
AS,2001,16,114.46
AS,2001,23,118.78
AS,2001,30,117.60
AS,2001,37,118.16
AS,2001,44,116.63
AS,2001,51,120.00
AS,2001,6,117.04
AS,2002,10,76.29
AS,2002,17,76.22
AS,2002,24,74.52
AS,2002,31,76.50
AS,2002,38,76.80
AS,2002,4,72.85
AS,2002,45,76.14
AS,2002,52,77.52
AS,2003,11,84.21
AS,2003,18,85.86
AS,2003,2,86.36
AS,2003,25,86.21
AS,2003,32,85.68
AS,2003,39,86.80
AS,2003,46,83.60
AS,2003,9,86.94
AS,2004,0,97.02
AS,2004,12,93.87
AS,2004,19,97.02
AS,2004,26,95.43
AS,2004,33,96.82
AS,2004,40,96.28
AS,2004,47,97.65
AS,2004,7,95.55
AS,2005,13,104.86
AS,2005,20,105.58
AS,2005,27,105.66
AS,2005,34,108.06
AS,2005,41,106.14
AS,2005,48,108.72
AS,2005,5,105.78
AS,2006,14,118.99
AS,2006,21,116.92
AS,2006,28,118.17
AS,2006,3,119.00
AS,2006,35,117.72
AS,2006,42,119.26
AS,2006,49,119.56
AS,2007,1,128.79
AS,2007,15,130.05
AS,2007,22,130.34
AS,2007,29,133.00
AS,2007,36,128.00
AS,2007,43,131.76
AS,2007,50,137.32
AS,2007,8,130.35
AS,2008,16,144.90
AS,2008,30,152.51
AS,2008,37,150.80
AS,2008,44,152.00
AS,2008,51,155.40
AS,2008,6,143.78
AS,2009,10,107.80
AS,2009,17,107.15
AS,2009,24,115.54
AS,2009,31,110.92
AS,2009,38,112.50
AS,2009,4,109.20
AS,2009,45,116.10
AS,2010,11,119.00
AS,2010,18,126.51
AS,2010,2,124.74
AS,2010,25,126.04
AS,2010,32,126.25
AS,2010,39,123.76
AS,2010,9,125.80
AS,2011,0,142.50
AS,2011,12,136.44
AS,2011,19,136.52
AS,2011,26,139.96
AS,2011,33,138.63
AS,2011,40,136.30
AS,2011,47,141.12
AS,2011,7,138.64
AS,2012,13,151.82
AS,2012,20,153.00
AS,2012,27,148.96
AS,2012,34,152.28
AS,2012,41,150.50
AS,2012,48,154.84
AS,2012,5,151.98
AS,2013,14,164.85
AS,2013,21,165.41
AS,2013,28,155.48
AS,2013,3,171.77
AS,2013,35,158.48
AS,2013,42,160.30
AS,2013,49,167.00
AS,2014,1,183.35
AS,2014,15,181.25
AS,2014,22,175.54
AS,2014,29,170.63
AS,2014,36,173.10
AS,2014,43,175.54
AS,2014,50,179.67
AS,2014,8,179.17
AS,2015,16,193.65
AS,2015,23,191.78
AS,2015,30,186.26
AS,2015,37,190.40
AS,2015,6,189.28
